inputA  inputA (bin)            inputB  inputB (bin)            Operation       op_code         Output  Output (bin)                            Error
    6   0000000000000110            0   0000000000000000        RESET           0011             0      00000000000000000000000000000000        00
    6   0000000000000110            0   0000000000000000        NO-OP           1101             0      00000000000000000000000000000000        00
    6   0000000000000110            6   0000000000000110        ADD             0000            12      00000000000000000000000000001100        0x
    6   0000000000000110            6   0000000000000110        SUB             1000             0      00000000000000000000000000000000        0x
clock run   3 times
    6   0000000000000110           36   0000000000100100        MUL             0100           216      00000000000000000000000011011000        00
    6   0000000000000110           36   0000000000100100        DIV             0010             0      00000000000000000000000000000000        00
    6   0000000000000110            6   0000000000000110        MOD             0001             0      00000000000000000000000000000000        00
    6   0000000000000110            6   0000000000000110        AND             0101             6      00000000000000000000000000000110        00
    6   0000000000000110            6   0000000000000110        OR              0110             6      00000000000000000000000000000110        00
    6   0000000000000110            6   0000000000000110        NOT             1100         65529      00000000000000001111111111111001        00
    6   0000000000000110            0   0000000000000000        XOR             1010             6      00000000000000000000000000000110        00
clock run  10 times
    6   0000000000000110            0   0000000000000000        XNOR            1011         65529      00000000000000001111111111111001        00
    6   0000000000000110        65535   1111111111111111        NAND            0111         65529      00000000000000001111111111111001        00
    6   0000000000000110        65535   1111111111111111        NOR             1001             0      00000000000000000000000000000000        00
    6   0000000000000110        65535   1111111111111111        PRESET          1111    4294967295      11111111111111111111111111111111        00
op_code set   15 times, clock run  14 times
